-70.311353 87.287027 423.049170
-70.311353 87.287027 434.049170
-70.311353 87.287027 445.049170
-70.311353 87.287027 456.049170
-70.311353 87.287027 467.049170
-70.311353 87.287027 478.049170
-70.311353 87.287027 489.049170
-59.311353 87.287027 423.049170
-59.311353 87.287027 434.049170
-59.311353 87.287027 445.049170
-59.311353 87.287027 456.049170
-59.311353 87.287027 467.049170
-59.311353 87.287027 478.049170
-59.311353 87.287027 489.049170
-48.311353 87.287027 423.049170
-48.311353 87.287027 434.049170
-48.311353 87.287027 445.049170
-48.311353 87.287027 456.049170
-48.311353 87.287027 467.049170
-48.311353 87.287027 478.049170
-48.311353 87.287027 489.049170
-37.311353 87.287027 423.049170
-37.311353 87.287027 434.049170
-37.311353 87.287027 445.049170
-37.311353 87.287027 456.049170
-37.311353 87.287027 467.049170
-37.311353 87.287027 478.049170
-37.311353 87.287027 489.049170
-26.311353 87.287027 423.049170
-26.311353 87.287027 434.049170
-26.311353 87.287027 445.049170
-26.311353 87.287027 456.049170
-26.311353 87.287027 467.049170
-26.311353 87.287027 478.049170
-26.311353 87.287027 489.049170
-15.311353 87.287027 423.049170
-15.311353 87.287027 434.049170
-15.311353 87.287027 445.049170
-15.311353 87.287027 456.049170
-15.311353 87.287027 467.049170
-15.311353 87.287027 478.049170
-15.311353 87.287027 489.049170
-4.311353 87.287027 423.049170
-4.311353 87.287027 434.049170
-4.311353 87.287027 445.049170
-4.311353 87.287027 456.049170
-4.311353 87.287027 467.049170
-4.311353 87.287027 478.049170
-4.311353 87.287027 489.049170
6.688647 87.287027 423.049170
6.688647 87.287027 434.049170
6.688647 87.287027 445.049170
6.688647 87.287027 456.049170
6.688647 87.287027 467.049170
6.688647 87.287027 478.049170
6.688647 87.287027 489.049170
17.688647 87.287027 423.049170
17.688647 87.287027 434.049170
17.688647 87.287027 445.049170
17.688647 87.287027 456.049170
17.688647 87.287027 467.049170
17.688647 87.287027 478.049170
17.688647 87.287027 489.049170
28.688647 87.287027 423.049170
28.688647 87.287027 434.049170
28.688647 87.287027 445.049170
28.688647 87.287027 456.049170
28.688647 87.287027 467.049170
28.688647 87.287027 478.049170
28.688647 87.287027 489.049170
-70.311353 98.287027 423.049170
-70.311353 98.287027 434.049170
-70.311353 98.287027 445.049170
-70.311353 98.287027 456.049170
-70.311353 98.287027 467.049170
-70.311353 98.287027 478.049170
-70.311353 98.287027 489.049170
-59.311353 98.287027 423.049170
-59.311353 98.287027 434.049170
-59.311353 98.287027 445.049170
-59.311353 98.287027 456.049170
-59.311353 98.287027 467.049170
-59.311353 98.287027 478.049170
-59.311353 98.287027 489.049170
-48.311353 98.287027 423.049170
-48.311353 98.287027 434.049170
-48.311353 98.287027 445.049170
-48.311353 98.287027 456.049170
-48.311353 98.287027 467.049170
-48.311353 98.287027 478.049170
-48.311353 98.287027 489.049170
-37.311353 98.287027 423.049170
-37.311353 98.287027 434.049170
-37.311353 98.287027 445.049170
-37.311353 98.287027 456.049170
-37.311353 98.287027 467.049170
-37.311353 98.287027 478.049170
-37.311353 98.287027 489.049170
-26.311353 98.287027 423.049170
-26.311353 98.287027 434.049170
-26.311353 98.287027 445.049170
-26.311353 98.287027 456.049170
-26.311353 98.287027 467.049170
-26.311353 98.287027 478.049170
-26.311353 98.287027 489.049170
-15.311353 98.287027 423.049170
-15.311353 98.287027 434.049170
-15.311353 98.287027 445.049170
-15.311353 98.287027 456.049170
-15.311353 98.287027 467.049170
-15.311353 98.287027 478.049170
-15.311353 98.287027 489.049170
-4.311353 98.287027 423.049170
-4.311353 98.287027 434.049170
-4.311353 98.287027 445.049170
-4.311353 98.287027 456.049170
-4.311353 98.287027 467.049170
-4.311353 98.287027 478.049170
-4.311353 98.287027 489.049170
6.688647 98.287027 423.049170
6.688647 98.287027 434.049170
6.688647 98.287027 445.049170
6.688647 98.287027 456.049170
6.688647 98.287027 467.049170
6.688647 98.287027 478.049170
6.688647 98.287027 489.049170
17.688647 98.287027 423.049170
17.688647 98.287027 434.049170
17.688647 98.287027 445.049170
17.688647 98.287027 456.049170
17.688647 98.287027 467.049170
17.688647 98.287027 478.049170
17.688647 98.287027 489.049170
28.688647 98.287027 423.049170
28.688647 98.287027 434.049170
28.688647 98.287027 445.049170
28.688647 98.287027 456.049170
28.688647 98.287027 467.049170
28.688647 98.287027 478.049170
28.688647 98.287027 489.049170
-70.311353 109.287027 423.049170
-70.311353 109.287027 434.049170
-70.311353 109.287027 445.049170
-70.311353 109.287027 456.049170
-70.311353 109.287027 467.049170
-70.311353 109.287027 478.049170
-70.311353 109.287027 489.049170
-59.311353 109.287027 423.049170
-59.311353 109.287027 434.049170
-59.311353 109.287027 445.049170
-59.311353 109.287027 456.049170
-59.311353 109.287027 467.049170
-59.311353 109.287027 478.049170
-59.311353 109.287027 489.049170
-48.311353 109.287027 423.049170
-48.311353 109.287027 434.049170
-48.311353 109.287027 445.049170
-48.311353 109.287027 456.049170
-48.311353 109.287027 467.049170
-48.311353 109.287027 478.049170
-48.311353 109.287027 489.049170
-37.311353 109.287027 423.049170
-37.311353 109.287027 434.049170
-37.311353 109.287027 445.049170
-37.311353 109.287027 456.049170
-37.311353 109.287027 467.049170
-37.311353 109.287027 478.049170
-37.311353 109.287027 489.049170
-26.311353 109.287027 423.049170
-26.311353 109.287027 434.049170
-26.311353 109.287027 445.049170
-26.311353 109.287027 456.049170
-26.311353 109.287027 467.049170
-26.311353 109.287027 478.049170
-26.311353 109.287027 489.049170
-15.311353 109.287027 423.049170
-15.311353 109.287027 434.049170
-15.311353 109.287027 445.049170
-15.311353 109.287027 456.049170
-15.311353 109.287027 467.049170
-15.311353 109.287027 478.049170
-15.311353 109.287027 489.049170
-4.311353 109.287027 423.049170
-4.311353 109.287027 434.049170
-4.311353 109.287027 445.049170
-4.311353 109.287027 456.049170
-4.311353 109.287027 467.049170
-4.311353 109.287027 478.049170
-4.311353 109.287027 489.049170
6.688647 109.287027 423.049170
6.688647 109.287027 434.049170
6.688647 109.287027 445.049170
6.688647 109.287027 456.049170
6.688647 109.287027 467.049170
6.688647 109.287027 478.049170
6.688647 109.287027 489.049170
17.688647 109.287027 423.049170
17.688647 109.287027 434.049170
17.688647 109.287027 445.049170
17.688647 109.287027 456.049170
17.688647 109.287027 467.049170
17.688647 109.287027 478.049170
17.688647 109.287027 489.049170
28.688647 109.287027 423.049170
28.688647 109.287027 434.049170
28.688647 109.287027 445.049170
28.688647 109.287027 456.049170
28.688647 109.287027 467.049170
28.688647 109.287027 478.049170
28.688647 109.287027 489.049170
-70.311353 120.287027 423.049170
-70.311353 120.287027 434.049170
-70.311353 120.287027 445.049170
-70.311353 120.287027 456.049170
-70.311353 120.287027 467.049170
-70.311353 120.287027 478.049170
-70.311353 120.287027 489.049170
-59.311353 120.287027 423.049170
-59.311353 120.287027 434.049170
-59.311353 120.287027 445.049170
-59.311353 120.287027 456.049170
-59.311353 120.287027 467.049170
-59.311353 120.287027 478.049170
-59.311353 120.287027 489.049170
-48.311353 120.287027 423.049170
-48.311353 120.287027 434.049170
-48.311353 120.287027 445.049170
-48.311353 120.287027 456.049170
-48.311353 120.287027 467.049170
-48.311353 120.287027 478.049170
-48.311353 120.287027 489.049170
-37.311353 120.287027 423.049170
-37.311353 120.287027 434.049170
-37.311353 120.287027 445.049170
-37.311353 120.287027 456.049170
-37.311353 120.287027 467.049170
-37.311353 120.287027 478.049170
-37.311353 120.287027 489.049170
-26.311353 120.287027 423.049170
-26.311353 120.287027 434.049170
-26.311353 120.287027 445.049170
-26.311353 120.287027 456.049170
-26.311353 120.287027 467.049170
-26.311353 120.287027 478.049170
-26.311353 120.287027 489.049170
-15.311353 120.287027 423.049170
-15.311353 120.287027 434.049170
-15.311353 120.287027 445.049170
-15.311353 120.287027 456.049170
-15.311353 120.287027 467.049170
-15.311353 120.287027 478.049170
-15.311353 120.287027 489.049170
-4.311353 120.287027 423.049170
-4.311353 120.287027 434.049170
-4.311353 120.287027 445.049170
-4.311353 120.287027 456.049170
-4.311353 120.287027 467.049170
-4.311353 120.287027 478.049170
-4.311353 120.287027 489.049170
6.688647 120.287027 423.049170
6.688647 120.287027 434.049170
6.688647 120.287027 445.049170
6.688647 120.287027 456.049170
6.688647 120.287027 467.049170
6.688647 120.287027 478.049170
6.688647 120.287027 489.049170
17.688647 120.287027 423.049170
17.688647 120.287027 434.049170
17.688647 120.287027 445.049170
17.688647 120.287027 456.049170
17.688647 120.287027 467.049170
17.688647 120.287027 478.049170
17.688647 120.287027 489.049170
28.688647 120.287027 423.049170
28.688647 120.287027 434.049170
28.688647 120.287027 445.049170
28.688647 120.287027 456.049170
28.688647 120.287027 467.049170
28.688647 120.287027 478.049170
28.688647 120.287027 489.049170
-70.311353 131.287027 423.049170
-70.311353 131.287027 434.049170
-70.311353 131.287027 445.049170
-70.311353 131.287027 456.049170
-70.311353 131.287027 467.049170
-70.311353 131.287027 478.049170
-70.311353 131.287027 489.049170
-59.311353 131.287027 423.049170
-59.311353 131.287027 434.049170
-59.311353 131.287027 445.049170
-59.311353 131.287027 456.049170
-59.311353 131.287027 467.049170
-59.311353 131.287027 478.049170
-59.311353 131.287027 489.049170
-48.311353 131.287027 423.049170
-48.311353 131.287027 434.049170
-48.311353 131.287027 445.049170
-48.311353 131.287027 456.049170
-48.311353 131.287027 467.049170
-48.311353 131.287027 478.049170
-48.311353 131.287027 489.049170
-37.311353 131.287027 423.049170
-37.311353 131.287027 434.049170
-37.311353 131.287027 445.049170
-37.311353 131.287027 456.049170
-37.311353 131.287027 467.049170
-37.311353 131.287027 478.049170
-37.311353 131.287027 489.049170
-26.311353 131.287027 423.049170
-26.311353 131.287027 434.049170
-26.311353 131.287027 445.049170
-26.311353 131.287027 456.049170
-26.311353 131.287027 467.049170
-26.311353 131.287027 478.049170
-26.311353 131.287027 489.049170
-15.311353 131.287027 423.049170
-15.311353 131.287027 434.049170
-15.311353 131.287027 445.049170
-15.311353 131.287027 456.049170
-15.311353 131.287027 467.049170
-15.311353 131.287027 478.049170
-15.311353 131.287027 489.049170
-4.311353 131.287027 423.049170
-4.311353 131.287027 434.049170
-4.311353 131.287027 445.049170
-4.311353 131.287027 456.049170
-4.311353 131.287027 467.049170
-4.311353 131.287027 478.049170
-4.311353 131.287027 489.049170
6.688647 131.287027 423.049170
6.688647 131.287027 434.049170
6.688647 131.287027 445.049170
6.688647 131.287027 456.049170
6.688647 131.287027 467.049170
6.688647 131.287027 478.049170
6.688647 131.287027 489.049170
17.688647 131.287027 423.049170
17.688647 131.287027 434.049170
17.688647 131.287027 445.049170
17.688647 131.287027 456.049170
17.688647 131.287027 467.049170
17.688647 131.287027 478.049170
17.688647 131.287027 489.049170
28.688647 131.287027 423.049170
28.688647 131.287027 434.049170
28.688647 131.287027 445.049170
28.688647 131.287027 456.049170
28.688647 131.287027 467.049170
28.688647 131.287027 478.049170
28.688647 131.287027 489.049170
-70.311353 142.287027 423.049170
-70.311353 142.287027 434.049170
-70.311353 142.287027 445.049170
-70.311353 142.287027 456.049170
-70.311353 142.287027 467.049170
-70.311353 142.287027 478.049170
-70.311353 142.287027 489.049170
-59.311353 142.287027 423.049170
-59.311353 142.287027 434.049170
-59.311353 142.287027 445.049170
-59.311353 142.287027 456.049170
-59.311353 142.287027 467.049170
-59.311353 142.287027 478.049170
-59.311353 142.287027 489.049170
-48.311353 142.287027 423.049170
-48.311353 142.287027 434.049170
-48.311353 142.287027 445.049170
-48.311353 142.287027 456.049170
-48.311353 142.287027 467.049170
-48.311353 142.287027 478.049170
-48.311353 142.287027 489.049170
-37.311353 142.287027 423.049170
-37.311353 142.287027 434.049170
-37.311353 142.287027 445.049170
-37.311353 142.287027 456.049170
-37.311353 142.287027 467.049170
-37.311353 142.287027 478.049170
-37.311353 142.287027 489.049170
-26.311353 142.287027 423.049170
-26.311353 142.287027 434.049170
-26.311353 142.287027 445.049170
-26.311353 142.287027 456.049170
-26.311353 142.287027 467.049170
-26.311353 142.287027 478.049170
-26.311353 142.287027 489.049170
-15.311353 142.287027 423.049170
-15.311353 142.287027 434.049170
-15.311353 142.287027 445.049170
-15.311353 142.287027 456.049170
-15.311353 142.287027 467.049170
-15.311353 142.287027 478.049170
-15.311353 142.287027 489.049170
-4.311353 142.287027 423.049170
-4.311353 142.287027 434.049170
-4.311353 142.287027 445.049170
-4.311353 142.287027 456.049170
-4.311353 142.287027 467.049170
-4.311353 142.287027 478.049170
-4.311353 142.287027 489.049170
6.688647 142.287027 423.049170
6.688647 142.287027 434.049170
6.688647 142.287027 445.049170
6.688647 142.287027 456.049170
6.688647 142.287027 467.049170
6.688647 142.287027 478.049170
6.688647 142.287027 489.049170
17.688647 142.287027 423.049170
17.688647 142.287027 434.049170
17.688647 142.287027 445.049170
17.688647 142.287027 456.049170
17.688647 142.287027 467.049170
17.688647 142.287027 478.049170
17.688647 142.287027 489.049170
28.688647 142.287027 423.049170
28.688647 142.287027 434.049170
28.688647 142.287027 445.049170
28.688647 142.287027 456.049170
28.688647 142.287027 467.049170
28.688647 142.287027 478.049170
28.688647 142.287027 489.049170
-70.311353 153.287027 423.049170
-70.311353 153.287027 434.049170
-70.311353 153.287027 445.049170
-70.311353 153.287027 456.049170
-70.311353 153.287027 467.049170
-70.311353 153.287027 478.049170
-70.311353 153.287027 489.049170
-59.311353 153.287027 423.049170
-59.311353 153.287027 434.049170
-59.311353 153.287027 445.049170
-59.311353 153.287027 456.049170
-59.311353 153.287027 467.049170
-59.311353 153.287027 478.049170
-59.311353 153.287027 489.049170
-48.311353 153.287027 423.049170
-48.311353 153.287027 434.049170
-48.311353 153.287027 445.049170
-48.311353 153.287027 456.049170
-48.311353 153.287027 467.049170
-48.311353 153.287027 478.049170
-48.311353 153.287027 489.049170
-37.311353 153.287027 423.049170
-37.311353 153.287027 434.049170
-37.311353 153.287027 445.049170
-37.311353 153.287027 456.049170
-37.311353 153.287027 467.049170
-37.311353 153.287027 478.049170
-37.311353 153.287027 489.049170
-26.311353 153.287027 423.049170
-26.311353 153.287027 434.049170
-26.311353 153.287027 445.049170
-26.311353 153.287027 456.049170
-26.311353 153.287027 467.049170
-26.311353 153.287027 478.049170
-26.311353 153.287027 489.049170
-15.311353 153.287027 423.049170
-15.311353 153.287027 434.049170
-15.311353 153.287027 445.049170
-15.311353 153.287027 456.049170
-15.311353 153.287027 467.049170
-15.311353 153.287027 478.049170
-15.311353 153.287027 489.049170
-4.311353 153.287027 423.049170
-4.311353 153.287027 434.049170
-4.311353 153.287027 445.049170
-4.311353 153.287027 456.049170
-4.311353 153.287027 467.049170
-4.311353 153.287027 478.049170
-4.311353 153.287027 489.049170
6.688647 153.287027 423.049170
6.688647 153.287027 434.049170
6.688647 153.287027 445.049170
6.688647 153.287027 456.049170
6.688647 153.287027 467.049170
6.688647 153.287027 478.049170
6.688647 153.287027 489.049170
17.688647 153.287027 423.049170
17.688647 153.287027 434.049170
17.688647 153.287027 445.049170
17.688647 153.287027 456.049170
17.688647 153.287027 467.049170
17.688647 153.287027 478.049170
17.688647 153.287027 489.049170
28.688647 153.287027 423.049170
28.688647 153.287027 434.049170
28.688647 153.287027 445.049170
28.688647 153.287027 456.049170
28.688647 153.287027 467.049170
28.688647 153.287027 478.049170
28.688647 153.287027 489.049170
-70.311353 164.287027 423.049170
-70.311353 164.287027 434.049170
-70.311353 164.287027 445.049170
-70.311353 164.287027 456.049170
-70.311353 164.287027 467.049170
-70.311353 164.287027 478.049170
-70.311353 164.287027 489.049170
-59.311353 164.287027 423.049170
-59.311353 164.287027 434.049170
-59.311353 164.287027 445.049170
-59.311353 164.287027 456.049170
-59.311353 164.287027 467.049170
-59.311353 164.287027 478.049170
-59.311353 164.287027 489.049170
-48.311353 164.287027 423.049170
-48.311353 164.287027 434.049170
-48.311353 164.287027 445.049170
-48.311353 164.287027 456.049170
-48.311353 164.287027 467.049170
-48.311353 164.287027 478.049170
-48.311353 164.287027 489.049170
-37.311353 164.287027 423.049170
-37.311353 164.287027 434.049170
-37.311353 164.287027 445.049170
-37.311353 164.287027 456.049170
-37.311353 164.287027 467.049170
-37.311353 164.287027 478.049170
-37.311353 164.287027 489.049170
-26.311353 164.287027 423.049170
-26.311353 164.287027 434.049170
-26.311353 164.287027 445.049170
-26.311353 164.287027 456.049170
-26.311353 164.287027 467.049170
-26.311353 164.287027 478.049170
-26.311353 164.287027 489.049170
-15.311353 164.287027 423.049170
-15.311353 164.287027 434.049170
-15.311353 164.287027 445.049170
-15.311353 164.287027 456.049170
-15.311353 164.287027 467.049170
-15.311353 164.287027 478.049170
-15.311353 164.287027 489.049170
-4.311353 164.287027 423.049170
-4.311353 164.287027 434.049170
-4.311353 164.287027 445.049170
-4.311353 164.287027 456.049170
-4.311353 164.287027 467.049170
-4.311353 164.287027 478.049170
-4.311353 164.287027 489.049170
6.688647 164.287027 423.049170
6.688647 164.287027 434.049170
6.688647 164.287027 445.049170
6.688647 164.287027 456.049170
6.688647 164.287027 467.049170
6.688647 164.287027 478.049170
6.688647 164.287027 489.049170
17.688647 164.287027 423.049170
17.688647 164.287027 434.049170
17.688647 164.287027 445.049170
17.688647 164.287027 456.049170
17.688647 164.287027 467.049170
17.688647 164.287027 478.049170
17.688647 164.287027 489.049170
28.688647 164.287027 423.049170
28.688647 164.287027 434.049170
28.688647 164.287027 445.049170
28.688647 164.287027 456.049170
28.688647 164.287027 467.049170
28.688647 164.287027 478.049170
28.688647 164.287027 489.049170
-70.311353 175.287027 423.049170
-70.311353 175.287027 434.049170
-70.311353 175.287027 445.049170
-70.311353 175.287027 456.049170
-70.311353 175.287027 467.049170
-70.311353 175.287027 478.049170
-70.311353 175.287027 489.049170
-59.311353 175.287027 423.049170
-59.311353 175.287027 434.049170
-59.311353 175.287027 445.049170
-59.311353 175.287027 456.049170
-59.311353 175.287027 467.049170
-59.311353 175.287027 478.049170
-59.311353 175.287027 489.049170
-48.311353 175.287027 423.049170
-48.311353 175.287027 434.049170
-48.311353 175.287027 445.049170
-48.311353 175.287027 456.049170
-48.311353 175.287027 467.049170
-48.311353 175.287027 478.049170
-48.311353 175.287027 489.049170
-37.311353 175.287027 423.049170
-37.311353 175.287027 434.049170
-37.311353 175.287027 445.049170
-37.311353 175.287027 456.049170
-37.311353 175.287027 467.049170
-37.311353 175.287027 478.049170
-37.311353 175.287027 489.049170
-26.311353 175.287027 423.049170
-26.311353 175.287027 434.049170
-26.311353 175.287027 445.049170
-26.311353 175.287027 456.049170
-26.311353 175.287027 467.049170
-26.311353 175.287027 478.049170
-26.311353 175.287027 489.049170
-15.311353 175.287027 423.049170
-15.311353 175.287027 434.049170
-15.311353 175.287027 445.049170
-15.311353 175.287027 456.049170
-15.311353 175.287027 467.049170
-15.311353 175.287027 478.049170
-15.311353 175.287027 489.049170
-4.311353 175.287027 423.049170
-4.311353 175.287027 434.049170
-4.311353 175.287027 445.049170
-4.311353 175.287027 456.049170
-4.311353 175.287027 467.049170
-4.311353 175.287027 478.049170
-4.311353 175.287027 489.049170
6.688647 175.287027 423.049170
6.688647 175.287027 434.049170
6.688647 175.287027 445.049170
6.688647 175.287027 456.049170
6.688647 175.287027 467.049170
6.688647 175.287027 478.049170
6.688647 175.287027 489.049170
17.688647 175.287027 423.049170
17.688647 175.287027 434.049170
17.688647 175.287027 445.049170
17.688647 175.287027 456.049170
17.688647 175.287027 467.049170
17.688647 175.287027 478.049170
17.688647 175.287027 489.049170
28.688647 175.287027 423.049170
28.688647 175.287027 434.049170
28.688647 175.287027 445.049170
28.688647 175.287027 456.049170
28.688647 175.287027 467.049170
28.688647 175.287027 478.049170
28.688647 175.287027 489.049170
