-60.000952 62.509373 429.215003
-60.000952 62.509373 443.215003
-60.000952 62.509373 457.215003
-60.000952 62.509373 471.215003
-60.000952 62.509373 485.215003
-60.000952 62.509373 499.215003
-60.000952 62.509373 513.215003
-60.000952 62.509373 527.215003
-60.000952 62.509373 541.215003
-46.000952 62.509373 429.215003
-46.000952 62.509373 443.215003
-46.000952 62.509373 457.215003
-46.000952 62.509373 471.215003
-46.000952 62.509373 485.215003
-46.000952 62.509373 499.215003
-46.000952 62.509373 513.215003
-46.000952 62.509373 527.215003
-46.000952 62.509373 541.215003
-32.000952 62.509373 429.215003
-32.000952 62.509373 443.215003
-32.000952 62.509373 457.215003
-32.000952 62.509373 471.215003
-32.000952 62.509373 485.215003
-32.000952 62.509373 499.215003
-32.000952 62.509373 513.215003
-32.000952 62.509373 527.215003
-32.000952 62.509373 541.215003
-18.000952 62.509373 429.215003
-18.000952 62.509373 443.215003
-18.000952 62.509373 457.215003
-18.000952 62.509373 471.215003
-18.000952 62.509373 485.215003
-18.000952 62.509373 499.215003
-18.000952 62.509373 513.215003
-18.000952 62.509373 527.215003
-18.000952 62.509373 541.215003
-4.000952 62.509373 429.215003
-4.000952 62.509373 443.215003
-4.000952 62.509373 457.215003
-4.000952 62.509373 471.215003
-4.000952 62.509373 485.215003
-4.000952 62.509373 499.215003
-4.000952 62.509373 513.215003
-4.000952 62.509373 527.215003
-4.000952 62.509373 541.215003
9.999048 62.509373 429.215003
9.999048 62.509373 443.215003
9.999048 62.509373 457.215003
9.999048 62.509373 471.215003
9.999048 62.509373 485.215003
9.999048 62.509373 499.215003
9.999048 62.509373 513.215003
9.999048 62.509373 527.215003
9.999048 62.509373 541.215003
-60.000952 76.509373 429.215003
-60.000952 76.509373 443.215003
-60.000952 76.509373 457.215003
-60.000952 76.509373 471.215003
-60.000952 76.509373 485.215003
-60.000952 76.509373 499.215003
-60.000952 76.509373 513.215003
-60.000952 76.509373 527.215003
-60.000952 76.509373 541.215003
-46.000952 76.509373 429.215003
-46.000952 76.509373 443.215003
-46.000952 76.509373 457.215003
-46.000952 76.509373 471.215003
-46.000952 76.509373 485.215003
-46.000952 76.509373 499.215003
-46.000952 76.509373 513.215003
-46.000952 76.509373 527.215003
-46.000952 76.509373 541.215003
-32.000952 76.509373 429.215003
-32.000952 76.509373 443.215003
-32.000952 76.509373 457.215003
-32.000952 76.509373 471.215003
-32.000952 76.509373 485.215003
-32.000952 76.509373 499.215003
-32.000952 76.509373 513.215003
-32.000952 76.509373 527.215003
-32.000952 76.509373 541.215003
-18.000952 76.509373 429.215003
-18.000952 76.509373 443.215003
-18.000952 76.509373 457.215003
-18.000952 76.509373 471.215003
-18.000952 76.509373 485.215003
-18.000952 76.509373 499.215003
-18.000952 76.509373 513.215003
-18.000952 76.509373 527.215003
-18.000952 76.509373 541.215003
-4.000952 76.509373 429.215003
-4.000952 76.509373 443.215003
-4.000952 76.509373 457.215003
-4.000952 76.509373 471.215003
-4.000952 76.509373 485.215003
-4.000952 76.509373 499.215003
-4.000952 76.509373 513.215003
-4.000952 76.509373 527.215003
-4.000952 76.509373 541.215003
9.999048 76.509373 429.215003
9.999048 76.509373 443.215003
9.999048 76.509373 457.215003
9.999048 76.509373 471.215003
9.999048 76.509373 485.215003
9.999048 76.509373 499.215003
9.999048 76.509373 513.215003
9.999048 76.509373 527.215003
9.999048 76.509373 541.215003
-60.000952 90.509373 429.215003
-60.000952 90.509373 443.215003
-60.000952 90.509373 457.215003
-60.000952 90.509373 471.215003
-60.000952 90.509373 485.215003
-60.000952 90.509373 499.215003
-60.000952 90.509373 513.215003
-60.000952 90.509373 527.215003
-60.000952 90.509373 541.215003
-46.000952 90.509373 429.215003
-46.000952 90.509373 443.215003
-46.000952 90.509373 457.215003
-46.000952 90.509373 471.215003
-46.000952 90.509373 485.215003
-46.000952 90.509373 499.215003
-46.000952 90.509373 513.215003
-46.000952 90.509373 527.215003
-46.000952 90.509373 541.215003
-32.000952 90.509373 429.215003
-32.000952 90.509373 443.215003
-32.000952 90.509373 457.215003
-32.000952 90.509373 471.215003
-32.000952 90.509373 485.215003
-32.000952 90.509373 499.215003
-32.000952 90.509373 513.215003
-32.000952 90.509373 527.215003
-32.000952 90.509373 541.215003
-18.000952 90.509373 429.215003
-18.000952 90.509373 443.215003
-18.000952 90.509373 457.215003
-18.000952 90.509373 471.215003
-18.000952 90.509373 485.215003
-18.000952 90.509373 499.215003
-18.000952 90.509373 513.215003
-18.000952 90.509373 527.215003
-18.000952 90.509373 541.215003
-4.000952 90.509373 429.215003
-4.000952 90.509373 443.215003
-4.000952 90.509373 457.215003
-4.000952 90.509373 471.215003
-4.000952 90.509373 485.215003
-4.000952 90.509373 499.215003
-4.000952 90.509373 513.215003
-4.000952 90.509373 527.215003
-4.000952 90.509373 541.215003
9.999048 90.509373 429.215003
9.999048 90.509373 443.215003
9.999048 90.509373 457.215003
9.999048 90.509373 471.215003
9.999048 90.509373 485.215003
9.999048 90.509373 499.215003
9.999048 90.509373 513.215003
9.999048 90.509373 527.215003
9.999048 90.509373 541.215003
-60.000952 104.509373 429.215003
-60.000952 104.509373 443.215003
-60.000952 104.509373 457.215003
-60.000952 104.509373 471.215003
-60.000952 104.509373 485.215003
-60.000952 104.509373 499.215003
-60.000952 104.509373 513.215003
-60.000952 104.509373 527.215003
-60.000952 104.509373 541.215003
-46.000952 104.509373 429.215003
-46.000952 104.509373 443.215003
-46.000952 104.509373 457.215003
-46.000952 104.509373 471.215003
-46.000952 104.509373 485.215003
-46.000952 104.509373 499.215003
-46.000952 104.509373 513.215003
-46.000952 104.509373 527.215003
-46.000952 104.509373 541.215003
-32.000952 104.509373 429.215003
-32.000952 104.509373 443.215003
-32.000952 104.509373 457.215003
-32.000952 104.509373 471.215003
-32.000952 104.509373 485.215003
-32.000952 104.509373 499.215003
-32.000952 104.509373 513.215003
-32.000952 104.509373 527.215003
-32.000952 104.509373 541.215003
-18.000952 104.509373 429.215003
-18.000952 104.509373 443.215003
-18.000952 104.509373 457.215003
-18.000952 104.509373 471.215003
-18.000952 104.509373 485.215003
-18.000952 104.509373 499.215003
-18.000952 104.509373 513.215003
-18.000952 104.509373 527.215003
-18.000952 104.509373 541.215003
-4.000952 104.509373 429.215003
-4.000952 104.509373 443.215003
-4.000952 104.509373 457.215003
-4.000952 104.509373 471.215003
-4.000952 104.509373 485.215003
-4.000952 104.509373 499.215003
-4.000952 104.509373 513.215003
-4.000952 104.509373 527.215003
-4.000952 104.509373 541.215003
9.999048 104.509373 429.215003
9.999048 104.509373 443.215003
9.999048 104.509373 457.215003
9.999048 104.509373 471.215003
9.999048 104.509373 485.215003
9.999048 104.509373 499.215003
9.999048 104.509373 513.215003
9.999048 104.509373 527.215003
9.999048 104.509373 541.215003
-60.000952 118.509373 429.215003
-60.000952 118.509373 443.215003
-60.000952 118.509373 457.215003
-60.000952 118.509373 471.215003
-60.000952 118.509373 485.215003
-60.000952 118.509373 499.215003
-60.000952 118.509373 513.215003
-60.000952 118.509373 527.215003
-60.000952 118.509373 541.215003
-46.000952 118.509373 429.215003
-46.000952 118.509373 443.215003
-46.000952 118.509373 457.215003
-46.000952 118.509373 471.215003
-46.000952 118.509373 485.215003
-46.000952 118.509373 499.215003
-46.000952 118.509373 513.215003
-46.000952 118.509373 527.215003
-46.000952 118.509373 541.215003
-32.000952 118.509373 429.215003
-32.000952 118.509373 443.215003
-32.000952 118.509373 457.215003
-32.000952 118.509373 471.215003
-32.000952 118.509373 485.215003
-32.000952 118.509373 499.215003
-32.000952 118.509373 513.215003
-32.000952 118.509373 527.215003
-32.000952 118.509373 541.215003
-18.000952 118.509373 429.215003
-18.000952 118.509373 443.215003
-18.000952 118.509373 457.215003
-18.000952 118.509373 471.215003
-18.000952 118.509373 485.215003
-18.000952 118.509373 499.215003
-18.000952 118.509373 513.215003
-18.000952 118.509373 527.215003
-18.000952 118.509373 541.215003
-4.000952 118.509373 429.215003
-4.000952 118.509373 443.215003
-4.000952 118.509373 457.215003
-4.000952 118.509373 471.215003
-4.000952 118.509373 485.215003
-4.000952 118.509373 499.215003
-4.000952 118.509373 513.215003
-4.000952 118.509373 527.215003
-4.000952 118.509373 541.215003
9.999048 118.509373 429.215003
9.999048 118.509373 443.215003
9.999048 118.509373 457.215003
9.999048 118.509373 471.215003
9.999048 118.509373 485.215003
9.999048 118.509373 499.215003
9.999048 118.509373 513.215003
9.999048 118.509373 527.215003
9.999048 118.509373 541.215003
-60.000952 132.509373 429.215003
-60.000952 132.509373 443.215003
-60.000952 132.509373 457.215003
-60.000952 132.509373 471.215003
-60.000952 132.509373 485.215003
-60.000952 132.509373 499.215003
-60.000952 132.509373 513.215003
-60.000952 132.509373 527.215003
-60.000952 132.509373 541.215003
-46.000952 132.509373 429.215003
-46.000952 132.509373 443.215003
-46.000952 132.509373 457.215003
-46.000952 132.509373 471.215003
-46.000952 132.509373 485.215003
-46.000952 132.509373 499.215003
-46.000952 132.509373 513.215003
-46.000952 132.509373 527.215003
-46.000952 132.509373 541.215003
-32.000952 132.509373 429.215003
-32.000952 132.509373 443.215003
-32.000952 132.509373 457.215003
-32.000952 132.509373 471.215003
-32.000952 132.509373 485.215003
-32.000952 132.509373 499.215003
-32.000952 132.509373 513.215003
-32.000952 132.509373 527.215003
-32.000952 132.509373 541.215003
-18.000952 132.509373 429.215003
-18.000952 132.509373 443.215003
-18.000952 132.509373 457.215003
-18.000952 132.509373 471.215003
-18.000952 132.509373 485.215003
-18.000952 132.509373 499.215003
-18.000952 132.509373 513.215003
-18.000952 132.509373 527.215003
-18.000952 132.509373 541.215003
-4.000952 132.509373 429.215003
-4.000952 132.509373 443.215003
-4.000952 132.509373 457.215003
-4.000952 132.509373 471.215003
-4.000952 132.509373 485.215003
-4.000952 132.509373 499.215003
-4.000952 132.509373 513.215003
-4.000952 132.509373 527.215003
-4.000952 132.509373 541.215003
9.999048 132.509373 429.215003
9.999048 132.509373 443.215003
9.999048 132.509373 457.215003
9.999048 132.509373 471.215003
9.999048 132.509373 485.215003
9.999048 132.509373 499.215003
9.999048 132.509373 513.215003
9.999048 132.509373 527.215003
9.999048 132.509373 541.215003
-60.000952 146.509373 429.215003
-60.000952 146.509373 443.215003
-60.000952 146.509373 457.215003
-60.000952 146.509373 471.215003
-60.000952 146.509373 485.215003
-60.000952 146.509373 499.215003
-60.000952 146.509373 513.215003
-60.000952 146.509373 527.215003
-60.000952 146.509373 541.215003
-46.000952 146.509373 429.215003
-46.000952 146.509373 443.215003
-46.000952 146.509373 457.215003
-46.000952 146.509373 471.215003
-46.000952 146.509373 485.215003
-46.000952 146.509373 499.215003
-46.000952 146.509373 513.215003
-46.000952 146.509373 527.215003
-46.000952 146.509373 541.215003
-32.000952 146.509373 429.215003
-32.000952 146.509373 443.215003
-32.000952 146.509373 457.215003
-32.000952 146.509373 471.215003
-32.000952 146.509373 485.215003
-32.000952 146.509373 499.215003
-32.000952 146.509373 513.215003
-32.000952 146.509373 527.215003
-32.000952 146.509373 541.215003
-18.000952 146.509373 429.215003
-18.000952 146.509373 443.215003
-18.000952 146.509373 457.215003
-18.000952 146.509373 471.215003
-18.000952 146.509373 485.215003
-18.000952 146.509373 499.215003
-18.000952 146.509373 513.215003
-18.000952 146.509373 527.215003
-18.000952 146.509373 541.215003
-4.000952 146.509373 429.215003
-4.000952 146.509373 443.215003
-4.000952 146.509373 457.215003
-4.000952 146.509373 471.215003
-4.000952 146.509373 485.215003
-4.000952 146.509373 499.215003
-4.000952 146.509373 513.215003
-4.000952 146.509373 527.215003
-4.000952 146.509373 541.215003
9.999048 146.509373 429.215003
9.999048 146.509373 443.215003
9.999048 146.509373 457.215003
9.999048 146.509373 471.215003
9.999048 146.509373 485.215003
9.999048 146.509373 499.215003
9.999048 146.509373 513.215003
9.999048 146.509373 527.215003
9.999048 146.509373 541.215003
-60.000952 160.509373 429.215003
-60.000952 160.509373 443.215003
-60.000952 160.509373 457.215003
-60.000952 160.509373 471.215003
-60.000952 160.509373 485.215003
-60.000952 160.509373 499.215003
-60.000952 160.509373 513.215003
-60.000952 160.509373 527.215003
-60.000952 160.509373 541.215003
-46.000952 160.509373 429.215003
-46.000952 160.509373 443.215003
-46.000952 160.509373 457.215003
-46.000952 160.509373 471.215003
-46.000952 160.509373 485.215003
-46.000952 160.509373 499.215003
-46.000952 160.509373 513.215003
-46.000952 160.509373 527.215003
-46.000952 160.509373 541.215003
-32.000952 160.509373 429.215003
-32.000952 160.509373 443.215003
-32.000952 160.509373 457.215003
-32.000952 160.509373 471.215003
-32.000952 160.509373 485.215003
-32.000952 160.509373 499.215003
-32.000952 160.509373 513.215003
-32.000952 160.509373 527.215003
-32.000952 160.509373 541.215003
-18.000952 160.509373 429.215003
-18.000952 160.509373 443.215003
-18.000952 160.509373 457.215003
-18.000952 160.509373 471.215003
-18.000952 160.509373 485.215003
-18.000952 160.509373 499.215003
-18.000952 160.509373 513.215003
-18.000952 160.509373 527.215003
-18.000952 160.509373 541.215003
-4.000952 160.509373 429.215003
-4.000952 160.509373 443.215003
-4.000952 160.509373 457.215003
-4.000952 160.509373 471.215003
-4.000952 160.509373 485.215003
-4.000952 160.509373 499.215003
-4.000952 160.509373 513.215003
-4.000952 160.509373 527.215003
-4.000952 160.509373 541.215003
9.999048 160.509373 429.215003
9.999048 160.509373 443.215003
9.999048 160.509373 457.215003
9.999048 160.509373 471.215003
9.999048 160.509373 485.215003
9.999048 160.509373 499.215003
9.999048 160.509373 513.215003
9.999048 160.509373 527.215003
9.999048 160.509373 541.215003
-60.000952 174.509373 429.215003
-60.000952 174.509373 443.215003
-60.000952 174.509373 457.215003
-60.000952 174.509373 471.215003
-60.000952 174.509373 485.215003
-60.000952 174.509373 499.215003
-60.000952 174.509373 513.215003
-60.000952 174.509373 527.215003
-60.000952 174.509373 541.215003
-46.000952 174.509373 429.215003
-46.000952 174.509373 443.215003
-46.000952 174.509373 457.215003
-46.000952 174.509373 471.215003
-46.000952 174.509373 485.215003
-46.000952 174.509373 499.215003
-46.000952 174.509373 513.215003
-46.000952 174.509373 527.215003
-46.000952 174.509373 541.215003
-32.000952 174.509373 429.215003
-32.000952 174.509373 443.215003
-32.000952 174.509373 457.215003
-32.000952 174.509373 471.215003
-32.000952 174.509373 485.215003
-32.000952 174.509373 499.215003
-32.000952 174.509373 513.215003
-32.000952 174.509373 527.215003
-32.000952 174.509373 541.215003
-18.000952 174.509373 429.215003
-18.000952 174.509373 443.215003
-18.000952 174.509373 457.215003
-18.000952 174.509373 471.215003
-18.000952 174.509373 485.215003
-18.000952 174.509373 499.215003
-18.000952 174.509373 513.215003
-18.000952 174.509373 527.215003
-18.000952 174.509373 541.215003
-4.000952 174.509373 429.215003
-4.000952 174.509373 443.215003
-4.000952 174.509373 457.215003
-4.000952 174.509373 471.215003
-4.000952 174.509373 485.215003
-4.000952 174.509373 499.215003
-4.000952 174.509373 513.215003
-4.000952 174.509373 527.215003
-4.000952 174.509373 541.215003
9.999048 174.509373 429.215003
9.999048 174.509373 443.215003
9.999048 174.509373 457.215003
9.999048 174.509373 471.215003
9.999048 174.509373 485.215003
9.999048 174.509373 499.215003
9.999048 174.509373 513.215003
9.999048 174.509373 527.215003
9.999048 174.509373 541.215003
